segSNR: -4.724175db, WS: -3.037744db, MMSE: -1.720257db
segSNR: -3.148399db, WS: -1.705756db, MMSE: -0.899544db
segSNR: -1.190074db, WS: -0.043197db, MMSE: 0.091065db
segSNR: 1.073441db, WS: 1.915371db, MMSE: 1.262848db
segSNR: 3.576750db, WS: 4.076027db, MMSE: 2.342305db
segSNR: 6.237430db, WS: 6.321744db, MMSE: 3.197752db

New:
Ori: -7.1483   -4.7683   -1.8292    1.5742    5.3392    9.3708
WS: -5.6283   -3.4375   -0.6925    2.4417    5.8358    9.3608
MMSE: -1.4472   -0.1697    1.2598    2.7965    4.1854    5.2925
h800: 3.9303    5.9851    8.0398    9.5940   10.3429   10.4715
